0.0,0,1,1.5409
(0.1057, 1, 1),(0.2177, 2, 2),(0.3297, 3, 3),(0.4417, 4, 4),(0.5537, 5, 5),(0.6657, 6, 6),(0.7777, 7, 7),(0.8897, 8, 8),(1.0017, 9, 9),(1.1107, 10, 9),(1.2197, 11, 9),(1.3287, 12, 9),(1.4377, 13, 9)
0.0,0,2,1.6551
(0.1058, 0, 1),(0.2178, -1, 2),(0.3298, -2, 3),(0.4418, -3, 4),(0.5538, -4, 5),(0.6658, -5, 6),(0.7778, -6, 7),(0.8898, -7, 8),(1.0018, -8, 9),(1.1138, -9, 10),(1.2258, -10, 11),(1.3338, -10, 12),(1.4418, -10, 13),(1.5498, -10, 14)
4.7,0,1,1.6474
(4.8042, 0, 1),(4.9162, 1, 2),(5.0282, 2, 3),(5.1402, 3, 4),(5.2522, 4, 5),(5.3642, 5, 6),(5.4762, 6, 7),(5.5882, 7, 8),(5.7002, 8, 9),(5.8092, 9, 9),(5.9182, 10, 9),(6.0272, 11, 9),(6.1362, 12, 9),(6.2452, 13, 9)
4.7,0,2,1.5506
(4.8042, 0, 1),(4.9162, -1, 2),(5.0282, -2, 3),(5.1402, -3, 4),(5.2522, -4, 5),(5.3642, -5, 6),(5.4762, -6, 7),(5.5882, -7, 8),(5.7002, -8, 9),(5.8122, -9, 10),(5.9242, -10, 11),(6.0362, -11, 12),(6.1442, -11, 13)
16.4,0,1,1.5409
(16.5051, 0, 1),(16.6171, 1, 2),(16.7291, 2, 3),(16.8411, 3, 4),(16.9531, 4, 5),(17.0651, 5, 6),(17.1771, 6, 7),(17.2891, 7, 8),(17.3981, 8, 8),(17.5071, 9, 8),(17.6161, 10, 8),(17.7251, 11, 8),(17.8341, 12, 8)
16.4,0,2,1.6551
(16.5065, -1, 1),(16.6185, -2, 2),(16.7305, -3, 3),(16.8425, -4, 4),(16.9545, -5, 5),(17.0665, -6, 6),(17.1785, -7, 7),(17.2905, -8, 8),(17.4025, -9, 9),(17.5145, -10, 10),(17.6265, -11, 11),(17.7345, -11, 12),(17.8425, -11, 13),(17.9505, -11, 14)
